SET 0
POINTS
-9.7347 8.84404
-9.68067 -5.38212
-9.53875 0.495493
-8.87177 4.43998
-8.18787 2.36772
-7.14266 3.01777
-6.53271 -2.17879
-6.35528 5.10723
-5.17949 3.66527
-2.35076 9.66462
-2.097 8.53318
-2.00278 -9.06669
-1.49688 -5.84117
-1.08334 -8.0005
-0.815022 -3.32583
-0.664742 7.19881
1.26576 -2.29167
1.35401 -9.37373
1.40888 0.416685
2.19993 6.6639
2.23306 -9.85867
3.60615 -0.990015
4.54544 -3.46918
5.59382 1.937
5.93086 -6.3313
6.8457 -1.00492
8.77105 -9.98442
9.22344 6.89068
9.47511 -5.34457
9.84423 2.34963
HULL
-9.7347 8.84404
-9.68067 -5.38212
-2.00278 -9.06669
2.23306 -9.85867
8.77105 -9.98442
9.47511 -5.34457
9.84423 2.34963
9.22344 6.89068
-2.35076 9.66462
SET 1
POINTS
-7.05265 -9.77428
1.30451 -8.9856
6.22073 -8.50517
6.49535 -6.74691
-0.0627741 -7.9417
1.61754 -6.62236
-1.42178 -7.20615
5.96984 -3.35341
1.89657 -4.98779
2.17996 -4.70973
5.52034 -2.54526
8.33738 0.648677
7.47532 1.1013
2.41143 -1.9246
9.26849 5.90233
8.43951 8.64564
1.11557 2.99443
-1.57808 -1.10357
-5.39521 -6.05704
-1.68262 3.06011
-1.26921 5.5173
-0.637699 9.09483
-2.06612 7.48606
-3.84087 2.09672
-6.93083 -0.541224
-7.02455 -6.55735
-7.30357 6.09022
-7.63096 8.7511
-9.09894 2.24264
-9.99277 6.48319
HULL
-7.05265 -9.77428
1.30451 -8.9856
6.22073 -8.50517
8.33738 0.648677
9.26849 5.90233
8.43951 8.64564
-0.637699 9.09483
-7.63096 8.7511
-9.99277 6.48319
SET 2
POINTS
-1.34917 -9.3645
2.55701 -6.31163
-4.07248 -4.86065
3.5985 -4.3488
8.33685 -5.83762
2.63042 5.97249
0.652666 -6.50413
-6.45081 4.6751
-2.00318 0.241167
-9.18029 -0.516058
-9.78363 6.02258
-7.18524 -4.10951
7.08767 5.99986
-2.26422 6.77992
-2.76415 8.16483
-5.42794 -0.321171
3.16542 -5.67872
9.63883 -8.15781
3.25657 -4.65087
0.230646 -1.83578
-2.14457 9.52957
-5.33771 6.09279
2.51796 4.78995
-8.78815 -8.40249
-6.17722 6.43409
9.23488 2.18451
-7.79067 -8.95662
3.14153 6.93097
7.87273 9.62256
2.0352 3.5869
HULL
-9.78363 6.02258
-8.78815 -8.40249
-7.79067 -8.95662
-1.34917 -9.3645
9.63883 -8.15781
9.23488 2.18451
7.87273 9.62256
-2.14457 9.52957
