SET 1
POINTS
-9.99277 6.48319
-9.09894 2.24264
-7.63096 8.7511
-7.30357 6.09022
-7.05265 -9.77428
-7.02455 -6.55735
-6.93083 -0.541224
-5.39521 -6.05704
-3.84087 2.09672
-2.06612 7.48606
-1.68262 3.06011
-1.57808 -1.10357
-1.42178 -7.20615
-1.26921 5.5173
-0.637699 9.09483
-0.0627741 -7.9417
1.11557 2.99443
1.30451 -8.9856
1.61754 -6.62236
1.89657 -4.98779
2.17996 -4.70973
2.41143 -1.9246
5.52034 -2.54526
5.96984 -3.35341
6.22073 -8.50517
6.49535 -6.74691
7.47532 1.1013
8.33738 0.648677
8.43951 8.64564
9.26849 5.90233
TRIANGLES
-7.05265 -9.77428 1.30451 -8.9856
1.30451 -8.9856 6.22073 -8.50517
6.22073 -8.50517 -7.05265 -9.77428
-7.05265 -9.77428 6.22073 -8.50517
6.22073 -8.50517 -0.0627741 -7.9417
-0.0627741 -7.9417 -7.05265 -9.77428
-7.05265 -9.77428 8.33738 0.648677
8.33738 0.648677 2.41143 -1.9246
2.41143 -1.9246 -7.05265 -9.77428
-7.05265 -9.77428 9.26849 5.90233
9.26849 5.90233 8.43951 8.64564
8.43951 8.64564 -7.05265 -9.77428
-7.05265 -9.77428 8.43951 8.64564
8.43951 8.64564 -5.39521 -6.05704
-5.39521 -6.05704 -7.05265 -9.77428
-7.05265 -9.77428 -0.637699 9.09483
-0.637699 9.09483 -7.02455 -6.55735
-7.02455 -6.55735 -7.05265 -9.77428
-7.05265 -9.77428 -7.63096 8.7511
-7.63096 8.7511 -9.09894 2.24264
-9.09894 2.24264 -7.05265 -9.77428
-7.63096 8.7511 -9.99277 6.48319
-9.99277 6.48319 -9.09894 2.24264
-9.09894 2.24264 -7.63096 8.7511
-9.99277 6.48319 -7.05265 -9.77428
-7.05265 -9.77428 -9.09894 2.24264
-9.09894 2.24264 -9.99277 6.48319
-0.637699 9.09483 -7.63096 8.7511
-7.63096 8.7511 -7.30357 6.09022
-7.30357 6.09022 -0.637699 9.09483
-7.63096 8.7511 -7.05265 -9.77428
-7.05265 -9.77428 -7.30357 6.09022
-7.30357 6.09022 -7.63096 8.7511
-0.637699 9.09483 -7.30357 6.09022
-7.30357 6.09022 -2.06612 7.48606
-2.06612 7.48606 -0.637699 9.09483
-7.30357 6.09022 -7.05265 -9.77428
-7.05265 -9.77428 -7.02455 -6.55735
-7.02455 -6.55735 -7.30357 6.09022
-7.30357 6.09022 -7.02455 -6.55735
-7.02455 -6.55735 -6.93083 -0.541224
-6.93083 -0.541224 -7.30357 6.09022
-7.02455 -6.55735 -0.637699 9.09483
-0.637699 9.09483 -3.84087 2.09672
-3.84087 2.09672 -7.02455 -6.55735
8.43951 8.64564 -0.637699 9.09483
-0.637699 9.09483 -1.68262 3.06011
-1.68262 3.06011 8.43951 8.64564
-0.637699 9.09483 -7.05265 -9.77428
-7.05265 -9.77428 -5.39521 -6.05704
-5.39521 -6.05704 -0.637699 9.09483
-0.637699 9.09483 -6.93083 -0.541224
-6.93083 -0.541224 -3.84087 2.09672
-3.84087 2.09672 -0.637699 9.09483
-6.93083 -0.541224 -7.02455 -6.55735
-7.02455 -6.55735 -3.84087 2.09672
-3.84087 2.09672 -6.93083 -0.541224
-7.30357 6.09022 -6.93083 -0.541224
-6.93083 -0.541224 -2.06612 7.48606
-2.06612 7.48606 -7.30357 6.09022
-6.93083 -0.541224 -0.637699 9.09483
-0.637699 9.09483 -2.06612 7.48606
-2.06612 7.48606 -6.93083 -0.541224
-0.637699 9.09483 -5.39521 -6.05704
-5.39521 -6.05704 -1.26921 5.5173
-1.26921 5.5173 -0.637699 9.09483
-5.39521 -6.05704 8.43951 8.64564
8.43951 8.64564 -1.57808 -1.10357
-1.57808 -1.10357 -5.39521 -6.05704
8.43951 8.64564 -1.68262 3.06011
-1.68262 3.06011 1.11557 2.99443
1.11557 2.99443 8.43951 8.64564
-1.68262 3.06011 -5.39521 -6.05704
-5.39521 -6.05704 -1.57808 -1.10357
-1.57808 -1.10357 -1.68262 3.06011
6.22073 -8.50517 8.33738 0.648677
8.33738 0.648677 6.49535 -6.74691
6.49535 -6.74691 6.22073 -8.50517
8.33738 0.648677 -7.05265 -9.77428
-7.05265 -9.77428 -1.42178 -7.20615
-1.42178 -7.20615 8.33738 0.648677
-5.39521 -6.05704 -1.68262 3.06011
-1.68262 3.06011 -1.26921 5.5173
-1.26921 5.5173 -5.39521 -6.05704
-1.68262 3.06011 -0.637699 9.09483
-0.637699 9.09483 -1.26921 5.5173
-1.26921 5.5173 -1.68262 3.06011
6.22073 -8.50517 -1.42178 -7.20615
-1.42178 -7.20615 -0.0627741 -7.9417
-0.0627741 -7.9417 6.22073 -8.50517
-1.42178 -7.20615 -7.05265 -9.77428
-7.05265 -9.77428 -0.0627741 -7.9417
-0.0627741 -7.9417 -1.42178 -7.20615
-1.68262 3.06011 -1.57808 -1.10357
-1.57808 -1.10357 1.11557 2.99443
1.11557 2.99443 -1.68262 3.06011
-1.57808 -1.10357 8.43951 8.64564
8.43951 8.64564 1.11557 2.99443
1.11557 2.99443 -1.57808 -1.10357
8.33738 0.648677 -1.42178 -7.20615
-1.42178 -7.20615 2.17996 -4.70973
2.17996 -4.70973 8.33738 0.648677
-1.42178 -7.20615 6.22073 -8.50517
6.22073 -8.50517 1.61754 -6.62236
1.61754 -6.62236 -1.42178 -7.20615
-1.42178 -7.20615 1.61754 -6.62236
1.61754 -6.62236 1.89657 -4.98779
1.89657 -4.98779 -1.42178 -7.20615
1.61754 -6.62236 8.33738 0.648677
8.33738 0.648677 1.89657 -4.98779
1.89657 -4.98779 1.61754 -6.62236
-1.42178 -7.20615 1.89657 -4.98779
1.89657 -4.98779 2.17996 -4.70973
2.17996 -4.70973 -1.42178 -7.20615
1.89657 -4.98779 8.33738 0.648677
8.33738 0.648677 2.17996 -4.70973
2.17996 -4.70973 1.89657 -4.98779
8.33738 0.648677 9.26849 5.90233
9.26849 5.90233 7.47532 1.1013
7.47532 1.1013 8.33738 0.648677
9.26849 5.90233 -7.05265 -9.77428
-7.05265 -9.77428 2.41143 -1.9246
2.41143 -1.9246 9.26849 5.90233
8.33738 0.648677 1.61754 -6.62236
1.61754 -6.62236 5.52034 -2.54526
5.52034 -2.54526 8.33738 0.648677
1.61754 -6.62236 6.22073 -8.50517
6.22073 -8.50517 5.52034 -2.54526
5.52034 -2.54526 1.61754 -6.62236
8.33738 0.648677 5.52034 -2.54526
5.52034 -2.54526 5.96984 -3.35341
5.96984 -3.35341 8.33738 0.648677
5.52034 -2.54526 6.22073 -8.50517
6.22073 -8.50517 5.96984 -3.35341
5.96984 -3.35341 5.52034 -2.54526
8.33738 0.648677 5.96984 -3.35341
5.96984 -3.35341 6.49535 -6.74691
6.49535 -6.74691 8.33738 0.648677
5.96984 -3.35341 6.22073 -8.50517
6.22073 -8.50517 6.49535 -6.74691
6.49535 -6.74691 5.96984 -3.35341
9.26849 5.90233 2.41143 -1.9246
2.41143 -1.9246 7.47532 1.1013
7.47532 1.1013 9.26849 5.90233
2.41143 -1.9246 8.33738 0.648677
8.33738 0.648677 7.47532 1.1013
7.47532 1.1013 2.41143 -1.9246
